C:1
0.00000	0.00000	1.00000	0.00000
0.00000	1.00000	0.00000	0.00000
0.00000	0.00000	1.00000	0.00000
0.65165	0.34188	0.00647	0.00000
1.00000	0.00000	0.00000	0.00000
0.00000	0.98374	0.01626	0.00000
0.00000	0.00000	1.00000	0.00000
0.00000	1.00000	0.00000	0.00000
0.00000	0.00000	1.00000	0.00000
0.65165	0.34188	0.00647	0.00000
1.00000	0.00000	0.00000	0.00000
0.00000	0.98374	0.01626	0.00000
0.00000	0.00000	1.00000	0.00000
0.00000	1.00000	0.00000	0.00000
0.00000	0.00000	1.00000	0.00000
1.00000	0.00000	0.00000	0.00000
1.00000	0.00000	0.00000	0.00000
0.62500	0.25000	0.12500	0.00000

D:1
0.00000	0.00000	1.00000	0.00000
0.00000	1.00000	0.00000	0.00000
0.00000	0.00000	1.00000	0.00000
0.00000	0.97767	0.02233	0.00000
0.00000	1.00000	0.00000	0.00000
0.00000	0.98369	0.01631	0.00000
0.00000	0.00000	1.00000	0.00000
0.00000	1.00000	0.00000	0.00000
0.00000	0.00000	1.00000	0.00000
0.00000	0.98396	0.01604	0.00000
0.00000	1.00000	0.00000	0.00000
0.00000	0.98381	0.01619	0.00000
0.00000	0.00000	1.00000	0.00000
0.00000	1.00000	0.00000	0.00000
0.00000	0.00000	1.00000	0.00000
1.00000	0.00000	0.00000	0.00000
0.00000	1.00000	0.00000	0.00000
0.62500	0.25000	0.12500	0.00000

